100.00000000 49.29078014 46.69421488 47.32824427 46.90265487 51.96304850 62.58992806 61.48796499 56.35245902 53.31010453 62.71929825 49.84326019 50.40000000 47.21030043 44.00000000 47.63779528 47.12230216 48.84792627 52.99539171 49.26829268 46.02510460 41.55844156 52.63157895 52.45098039 52.19298246 48.78048780 53.23383085 45.94594595 47.98534799 50.00000000 43.75000000 47.01986755 64.81481481 50.00000000 43.68131868 48.33333333 44.63276836 46.87500000 47.72727273 50.71090047 54.95049505 46.61016949 47.41379310 45.79439252 43.03797468 58.45070423 63.23529412 57.54385965 60.00000000 58.40707965 60.51282051 62.28956229 60.79734219 63.06818182 64.35643564 65.49707602 64.16309013 65.01128668 48.00000000 48.95397490 46.72131148 50.00000000 44.54976303 47.55555556 63.00366300 53.33333333 47.50000000 61.53846154 50.75757576 48.01444043 60.00000000 53.91849530 54.28571429 65.24390244 69.13043478 50.18315018 50.57915058 58.21917808 63.47438753 47.19101124 48.72881356 51.79856115 44.79638009 46.27450980 44.20600858 47.41784038 47.08520179 48.19819820 49.57983193 49.79253112 44.69453376 47.41784038 43.70629371 48.73417722 43.45238095 46.55532359 54.00000000 49.35622318 48.80000000 62.54826255 47.00460829 45.34412955 51.70731707 48.19277108 45.09803922 60.13745704 56.43564356 48.19277108 48.20512821 49.56521739 61.72248804 53.02491103 48.46153846 48.39857651 48.63945578 50.00000000 47.97297297 50.81300813 44.67213115 47.41035857 47.63779528 51.20000000 49.63768116 49.24812030 45.42857143 52.76381910 48.48484848 53.26633166 45.70312500 49.38271605 52.94117647 58.21727019 60.55045872 58.36177474 48.16176471 47.25738397 59.85663082 50.41322314 38.57142857 49.45454545 52.04460967 47.21189591 63.27433628 58.31485588 43.10344828 48.03149606 48.73646209 53.60000000 45.08816121 48.07692308 61.62361624 50.79365079 45.48872180 56.72043011 38.31417625 54.91525424
49.29078014 100.00000000 43.37899543 56.62650602 45.20547945 47.75641026 44.79495268 51.69811321 50.69767442 52.63157895 48.44444444 43.80530973 51.76470588 56.47058824 56.47058824 56.47058824 50.48543689 61.72839506 45.97156398 46.26168224 45.66210046 55.26315789 43.75000000 44.66666667 47.52475248 45.83333333 49.55357143 46.85990338 53.65853659 51.21951220 39.80582524 47.32142857 62.19512195 57.69230769 47.08520179 53.22580645 51.61290323 53.22580645 49.26829268 57.62711864 55.55555556 45.00000000 46.25000000 44.57831325 51.35135135 47.59615385 46.28378378 48.49785408 49.35064935 44.97607656 46.88995215 58.02469136 58.02469136 58.02469136 60.97560976 55.55555556 49.54128440 52.71966527 61.66666667 43.98148148 43.60189573 51.13636364 47.14285714 46.66666667 45.70135747 45.33333333 49.43820225 43.89140271 40.90909091 46.59090909 49.76525822 55.55555556 58.53658537 60.49382716 55.00000000 45.60669456 52.33644860 48.91774892 51.51515152 56.32183908 56.32183908 48.66071429 50.46728972 49.32735426 48.86877828 45.41832669 61.40350877 48.02631579 45.63106796 48.82629108 46.84684685 51.03448276 53.57142857 48.14814815 54.38596491 44.17475728 45.14563107 45.55984556 45.28301887 49.53271028 49.32735426 55.05617978 46.54377880 43.81270903 43.75000000 54.21686747 54.21686747 47.86729858 47.70114943 60.00000000 52.43902439 54.87804878 46.29629630 52.69461078 62.96296296 56.09756098 62.96296296 52.54237288 50.61728395 57.89473684 67.85714286 48.09523810 45.71428571 41.57706093 51.02040816 55.95238095 51.32743363 47.14285714 55.26315789 51.61290323 42.00000000 49.09090909 49.82206406 55.42168675 59.25925926 60.71428571 53.57142857 46.52406417 56.25000000 45.45454545 46.60633484 57.64705882 52.29357798 48.80382775 60.60606061 44.63276836 44.63276836 47.39130435 50.34013605 51.96078431 45.85365854 47.90697674 45.13274336 46.19565217 37.82051282 53.52112676
46.69421488 43.37899543 100.00000000 92.69311065 91.25000000 45.31835206 45.70312500 45.38461538 44.27480916 49.00000000 51.18483412 59.36254980 57.62081784 53.33333333 53.51562500 54.16666667 55.46875000 53.73831776 48.82629108 49.38271605 59.69696970 52.94117647 48.12286689 50.95238095 53.13807531 49.79423868 50.00000000 53.90625000 52.83018868 56.11510791 44.85596708 44.71544715 57.89473684 46.59090909 50.29585799 48.03921569 50.30303030 49.50980392 50.88495575 53.90625000 54.44839858 50.23255814 50.23255814 44.69696970 38.84892086 41.92139738 45.45454545 46.88796680 46.55172414 45.45454545 46.00760456 49.36708861 55.96330275 53.20512821 52.38095238 49.52380952 43.57976654 45.41984733 58.07453416 46.69421488 46.64031621 45.71428571 48.10126582 43.90243902 52.21238938 53.24074074 52.89855072 48.25174825 44.37500000 50.91743119 43.30708661 50.00000000 56.12244898 50.33112583 47.29064039 49.79079498 48.20717131 46.81647940 45.97701149 50.42016807 51.07296137 49.64285714 44.24242424 47.67025090 51.03734440 48.82629108 53.60000000 47.08029197 47.05882353 49.09090909 44.73684211 45.16129032 51.69811321 54.27509294 51.24378109 54.87804878 53.70370370 53.84615385 56.77655678 45.49356223 49.13793103 52.60663507 52.17391304 55.95238095 48.40182648 52.11267606 45.74468085 50.16286645 56.14754098 42.18750000 60.00000000 56.63716814 58.38709677 53.43511450 50.65502183 54.50980392 55.61797753 61.87214612 51.30111524 51.04602510 54.18326693 54.29687500 69.55128205 68.02507837 65.28189911 70.46783626 64.30769231 56.36363636 59.62732919 54.85564304 60.16949153 46.92307692 45.78313253 50.29239766 57.51633987 55.42857143 44.04332130 62.67806268 66.66666667 65.95744681 53.81526104 45.73863636 45.03816794 44.44444444 41.62436548 55.23465704 57.54716981 47.56097561 54.90909091 50.27777778 43.54838710 45.74898785 46.84684685 48.88059701 45.71428571 45.77777778
47.32824427 56.62650602 92.69311065 100.00000000 89.25619835 45.20000000 45.49019608 46.45669291 45.38152610 49.14675768 51.90476190 58.63453815 57.83582090 54.33962264 54.18326693 54.58167331 56.27376426 53.52112676 50.23474178 50.62240664 58.66261398 50.47619048 48.13559322 51.04602510 51.65289256 51.86721992 49.35622318 53.72549020 52.51572327 57.24637681 43.93305439 44.75524476 62.00000000 48.17073171 50.96774194 50.00000000 48.29268293 48.54368932 50.22222222 53.96226415 54.44839858 45.28301887 44.76190476 46.46017699 64.51612903 45.41062802 44.74708171 46.25000000 45.67901235 46.11872146 46.18181818 50.35971223 54.62962963 52.90322581 53.60000000 49.00662252 43.91534392 45.92592593 57.99373041 45.41832669 47.19626168 45.90163934 48.29059829 44.71544715 45.93301435 53.65853659 51.82481752 48.59154930 43.41085271 50.23041475 44.80000000 49.00662252 56.92307692 54.74452555 48.01980198 48.42105263 48.40000000 43.91025641 46.87500000 49.60000000 50.64377682 50.36231884 48.92703863 47.84172662 46.92556634 49.76303318 54.83870968 46.51898734 48.22006472 49.76958525 45.37444934 46.15384615 51.87969925 55.30303030 52.23880597 53.72549020 53.75939850 55.51020408 56.08856089 46.95652174 49.09909910 52.63157895 51.69082126 56.17529880 49.08256881 53.19148936 45.98930481 49.46996466 54.73251029 41.28440367 50.34965035 58.58585859 56.40326975 53.55805243 51.92307692 54.43548387 55.36723164 63.47031963 51.47679325 50.98039216 54.47154472 54.72440945 68.27794562 67.95252226 64.18732782 64.56310680 66.06606607 53.06859206 57.54985755 55.29100529 62.72189349 47.84313725 45.16129032 50.32679739 57.82747604 57.68025078 43.20557491 63.45029240 66.66666667 67.60563380 52.53731343 48.21428571 46.28099174 45.01992032 77.77777778 57.08502024 54.65587045 47.75510204 55.07812500 50.27777778 43.90243902 47.17741935 47.86729858 49.43820225 44.57142857 46.22222222
46.90265487 45.20547945 91.25000000 89.25619835 100.00000000 46.11872146 47.05882353 46.60633484 47.60000000 53.30188679 51.94174757 60.80000000 60.51660517 55.11811024 54.96183206 55.72519084 56.48854962 55.39906103 50.87719298 50.00000000 59.42408377 50.52631579 48.10996564 51.19617225 54.22222222 50.00000000 47.84482759 54.16666667 54.54545455 58.64661654 43.57142857 46.15384615 53.47222222 49.01960784 49.70059880 46.82926829 51.51515152 51.51515152 50.66666667 54.92424242 55.16014235 45.32374101 44.22442244 47.78761062 45.26315789 45.89371981 45.18828452 48.23008850 46.64031621 45.71428571 46.05809129 53.17460317 55.55555556 50.96774194 52.80000000 49.65034965 43.52941176 46.50205761 58.55263158 48.45814978 49.53703704 46.36363636 48.10126582 47.03196347 51.78571429 53.24074074 52.55474453 53.57142857 43.41085271 50.91743119 45.34412955 56.56565657 60.20408163 50.00000000 47.08333333 50.83798883 49.48979592 48.04687500 47.53363229 51.66666667 51.90476190 48.66920152 50.00000000 46.92307692 50.73529412 49.76303318 55.64516129 48.30508475 47.89644013 50.23041475 46.46017699 46.90265487 54.58715596 53.78787879 50.76142132 54.68750000 55.91836735 53.50553506 56.04395604 48.29268293 47.91666667 52.15311005 52.65700483 54.83870968 49.33920705 53.90070922 45.70312500 49.35483871 55.55555556 41.34615385 57.57575758 54.46428571 60.21126761 53.40501792 50.90090090 54.65587045 57.34265734 64.16464891 52.32067511 50.00000000 52.82258065 56.12648221 65.65934066 68.96551724 67.17791411 70.20057307 62.30769231 53.90946502 56.97329377 53.42465753 65.48387097 47.56944444 44.84126984 51.63398693 57.05521472 56.74846626 43.43065693 63.71681416 74.35897436 66.04278075 54.73251029 45.55873926 45.00000000 45.60669456 42.34693878 54.71014493 54.03225806 49.39271255 55.85937500 48.99713467 42.49201278 45.93495935 46.63677130 48.28897338 43.58974359 45.77777778
51.96304850 47.75641026 45.31835206 45.20000000 46.11872146 100.00000000 58.66666667 57.50000000 54.90909091 47.35294118 56.56934307 47.57281553 45.23809524 46.58119658 46.97986577 47.65957447 48.73949580 47.13114754 45.71428571 46.38554217 43.82978723 45.90163934 46.15384615 45.33333333 51.93798450 46.38554217 49.62962963 47.58364312 48.33333333 53.40314136 55.38461538 42.56198347 56.42201835 47.92899408 46.82080925 55.93220339 59.32203390 57.62711864 47.05882353 45.08928571 48.29059829 45.83333333 47.55244755 46.25550661 61.29032258 51.67095116 53.56265356 51.37844612 55.78231293 61.90476190 61.39705882 57.39644970 58.28402367 67.87878788 63.05732484 68.90243902 54.54545455 58.24915825 47.59825328 47.54098361 46.99453552 55.10948905 45.77777778 44.06779661 63.29479769 51.44230769 47.34513274 58.85558583 47.16981132 55.28846154 56.41025641 61.74863388 45.70135747 60.54054054 58.00865801 46.77966102 49.15254237 80.50632911 57.72058824 45.76923077 44.10646388 47.60383387 46.72131148 46.09375000 46.37096774 45.45454545 44.73684211 44.56521739 43.58974359 44.03669725 41.20171674 42.13197970 44.84848485 49.31506849 41.29032258 47.82608696 48.41269841 44.97907950 45.56451613 59.24528302 45.31250000 43.47826087 47.12643678 46.90909091 48.68421053 62.79863481 63.01369863 48.18840580 47.22222222 49.55752212 65.06024096 63.63636364 51.81818182 44.53781513 40.15444015 45.33333333 43.93939394 48.43750000 42.45283019 43.53741497 47.32824427 46.04810997 48.51851852 49.23664122 52.89575290 49.77168950 47.14828897 45.65217391 44.44444444 47.34848485 47.90874525 53.14009662 57.76173285 47.50000000 45.22821577 44.97816594 67.50700280 48.88059701 54.76190476 41.96185286 50.00000000 46.38554217 55.10204082 57.49128920 44.18604651 47.89272031 50.86206897 45.58303887 46.98275862 46.50455927 53.26086957 43.08681672 46.58119658 57.10659898 41.76470588 52.40174672
62.58992806 44.79495268 45.70312500 45.49019608 47.05882353 58.66666667 100.00000000 56.07142857 57.66423358 48.28660436 55.95667870 48.50299401 47.30538922 49.26470588 47.32824427 48.17518248 47.61904762 50.00000000 47.32142857 41.42857143 45.84717608 49.12280702 49.63503650 49.13043478 51.26050420 46.15384615 46.35193133 47.40740741 46.46017699 51.56250000 44.38502674 42.25352113 65.82278481 46.96132597 48.25581395 49.00662252 46.92982456 45.00000000 52.21238938 47.47899160 48.49397590 47.84688995 43.04207120 49.10714286 50.98039216 55.78034682 62.09677419 53.58255452 58.57605178 58.78136201 59.71731449 60.27397260 59.62732919 68.36158192 65.18987342 68.53932584 58.68055556 57.71812081 56.33802817 48.13084112 50.00000000 56.80272109 42.36760125 42.61603376 65.61403509 47.18614719 50.65789474 64.01384083 42.91497976 51.62790698 56.72727273 64.15094340 46.36363636 62.42774566 59.21568627 48.27586207 48.73096447 60.85409253 57.19298246 46.40000000 43.50877193 48.22695035 42.90220820 42.22222222 55.45454545 46.17834395 46.42857143 50.00000000 47.41784038 47.47899160 44.22110553 43.51851852 46.15384615 47.77070064 45.94594595 46.99248120 46.99248120 45.86466165 48.97959184 62.14511041 43.57798165 52.54237288 47.34299517 47.14828897 48.30917874 55.96107056 58.44155844 50.00000000 45.62043796 44.59459459 65.83850932 57.53968254 52.31481481 50.00000000 41.74454829 44.72727273 46.83544304 49.03846154 50.00000000 50.00000000 48.37209302 49.19093851 47.38675958 50.00000000 45.90909091 48.67256637 47.61904762 47.01492537 47.91666667 52.73972603 50.71090047 54.44444444 55.51470588 57.06666667 43.58974359 44.57831325 71.42857143 49.35483871 45.94594595 49.35622318 46.20938628 48.97959184 57.38255034 56.55172414 47.53086420 46.07142857 44.17177914 49.23664122 48.86731392 46.41509434 55.51839465 46.18320611 46.90265487 74.44444444 48.96907216 50.24154589
61.48796499 51.69811321 45.38461538 46.45669291 46.60633484 57.50000000 56.07142857 100.00000000 61.25654450 56.25000000 59.43204868 47.23247232 48.75000000 49.77973568 50.22026432 49.33920705 47.63779528 52.38095238 49.31506849 53.65853659 48.14814815 46.55172414 51.98237885 47.18614719 51.06382979 52.45098039 48.25870647 49.59349593 48.83720930 49.46236559 46.37681159 50.70422535 61.95652174 47.84172662 46.29629630 45.24590164 45.28985507 44.92753623 45.94594595 44.68864469 51.93133047 46.07843137 48.34123223 45.53990610 40.76923077 59.79020979 62.64150943 59.60264901 57.61194030 57.51295337 59.84654731 56.68789809 56.37583893 58.13953488 60.32608696 59.09090909 69.49891068 77.30337079 50.00000000 50.71090047 49.31506849 75.00000000 46.60633484 48.89867841 60.32258065 48.81516588 48.23529412 60.27874564 49.44237918 55.86854460 61.77105832 61.62790698 53.11004785 59.48717949 72.03579418 49.64285714 49.59349593 57.34767025 78.91566265 48.51851852 51.19617225 52.47524752 46.74329502 44.16961131 47.42647059 51.24378109 46.10389610 47.69230769 50.22831050 49.56521739 45.56451613 47.29064039 44.88188976 48.18652850 52.50000000 50.21834061 49.64028777 49.57983193 52.91479821 56.71641791 43.46289753 45.28301887 51.70731707 47.63779528 44.69696970 60.70175439 58.80281690 47.28682171 48.06201550 46.15384615 62.90322581 61.87845304 48.62385321 51.04602510 46.64429530 47.44027304 52.38095238 49.15966387 45.61403509 47.49034749 45.83333333 50.40650407 47.28434505 47.05882353 51.21951220 50.46296296 46.49446494 50.75376884 45.23809524 46.45669291 50.21645022 56.45645646 60.86956522 57.84313725 49.76076555 48.82629108 58.64406780 51.77865613 54.54545455 47.03947368 53.45622120 48.37209302 71.40000000 62.05357143 64.15094340 47.10743802 46.00938967 47.49034749 50.67264574 49.43396226 58.82352941 45.59386973 48.67256637 56.67870036 50.74626866 54.07407407
56.35245902 50.69767442 44.27480916 45.38152610 47.60000000 54.90909091 57.66423358 61.25654450 100.00000000 52.38095238 83.69565217 48.00000000 44.74708171 46.38297872 46.15384615 45.72649573 47.43589744 49.04761905 50.23255814 48.29268293 46.72131148 41.77215190 51.24378109 47.71573604 47.44897959 48.29268293 44.84304933 51.86915888 48.54771784 50.27027027 44.35146444 50.00000000 62.28571429 51.94805195 44.29530201 48.00000000 46.62576687 47.27272727 46.42857143 50.92592593 48.04687500 45.79439252 47.61904762 41.91919192 61.90476190 57.08812261 58.42696629 57.63358779 59.07335907 53.82653061 55.41871921 56.84210526 56.49122807 62.73291925 61.93548387 61.72839506 56.73076923 61.61879896 47.05882353 51.73913043 50.86956522 62.23958333 43.96551724 45.65217391 59.05797101 49.04761905 50.39370079 58.86075949 52.31788079 49.53703704 76.57142857 60.38961039 53.57142857 60.46511628 67.38197425 50.37878788 46.93140794 54.05405405 63.19796954 53.18181818 53.21100917 50.18050542 47.30769231 47.90874525 47.70992366 44.94949495 52.52525253 47.38805970 45.72490706 50.17921147 46.29629630 46.69811321 47.63779528 47.87234043 43.08943089 54.15019763 54.36507937 52.58964143 48.41269841 58.26771654 49.04942966 45.90909091 50.47619048 50.80000000 45.91836735 60.77738516 60.14234875 46.48437500 47.17741935 45.83333333 61.71428571 65.21739130 49.77375566 49.07407407 49.01185771 50.00000000 53.57142857 47.10743802 43.19248826 46.94835681 45.73643411 51.20967742 45.78754579 46.69421488 45.84837545 47.72727273 47.63779528 50.23923445 45.49019608 45.66037736 55.14403292 55.55555556 57.89473684 54.82866044 48.68421053 49.56140351 56.78571429 47.98387097 51.35135135 46.15384615 54.28571429 46.41509434 59.66183575 57.82493369 52.45901639 44.75806452 47.85992218 48.42519685 45.10489510 47.87644788 57.58754864 49.31506849 48.48484848 54.54545455 46.06741573 53.30882353
53.31010453 52.63157895 49.00000000 49.14675768 53.30188679 47.35294118 48.28660436 56.25000000 52.38095238 100.00000000 52.06349206 50.35971223 49.46236559 47.01754386 47.01754386 47.01754386 47.71929825 48.52071006 50.22421525 53.15315315 51.20000000 47.89473684 52.46636771 48.53556485 55.92417062 52.11864407 47.82608696 54.32098765 51.85185185 54.34782609 63.63636364 50.35971223 50.26178010 40.71428571 43.02325581 46.18473896 45.49763033 44.68085106 44.92187500 48.49498328 48.87640449 48.21428571 43.09764310 45.61403509 50.00000000 49.25373134 54.08163265 49.62686567 50.92936803 51.08695652 49.23469388 51.81818182 54.65116279 54.70588235 49.05660377 55.24861878 52.00000000 56.93430657 50.47169811 50.16077170 50.21276596 53.50553506 46.84684685 45.00000000 51.91637631 52.53456221 52.20588235 51.81518152 54.85436893 54.10447761 50.00000000 54.03726708 50.71770335 48.45360825 55.60165975 47.05882353 52.91828794 52.04081633 54.41176471 49.79253112 50.20576132 53.73665480 49.04458599 50.92250923 55.51330798 45.14925373 52.14285714 50.77519380 48.13559322 49.77973568 47.55555556 47.11538462 50.00000000 48.44444444 50.95541401 50.58365759 48.71794872 47.44027304 52.65306122 53.98550725 51.29151292 47.20279720 51.24378109 54.90196078 48.20717131 53.48837209 52.80898876 51.04477612 48.99497487 46.25000000 49.12280702 51.59574468 51.41843972 52.17391304 51.30434783 51.47058824 58.58585859 46.38069705 51.80722892 49.80544747 51.73913043 53.48837209 44.15322581 53.01204819 48.03149606 46.75767918 53.96039604 53.18181818 50.98039216 50.20242915 55.17241379 47.51773050 54.16666667 51.37614679 49.06542056 49.36708861 48.95104895 50.28409091 56.00000000 47.46376812 54.36893204 53.18352060 56.20437956 50.53763441 53.76344086 52.69230769 51.29310345 50.17301038 47.33727811 47.39454094 46.51162791 51.43884892 49.81818182 51.79153094 56.39097744 54.13533835
62.71929825 48.44444444 51.18483412 51.90476190 51.94174757 56.56934307 55.95667870 59.43204868 83.69565217 52.06349206 100.00000000 48.63636364 49.56896552 46.39639640 46.36363636 45.90909091 48.86877828 52.12121212 53.23383085 45.85365854 47.14285714 50.00000000 51.28205128 47.92626728 52.21674877 45.85365854 50.98039216 47.67441860 45.33898305 50.00000000 49.12280702 54.11764706 60.71428571 46.66666667 47.61904762 51.29533679 47.47474747 53.40314136 46.15384615 51.14155251 52.00000000 49.74619289 50.51020408 45.68527919 48.38709677 58.73015873 52.66990291 58.69565217 60.00000000 56.88311688 56.96202532 57.14285714 56.40138408 62.96296296 62.82051282 62.34567901 59.66029724 61.95899772 51.36612022 48.67256637 48.57142857 62.33183857 46.44351464 45.68965517 57.85714286 48.57142857 47.77070064 59.42028986 47.33333333 54.45544554 81.52866242 59.88372093 51.85185185 55.10204082 67.04119850 54.54545455 48.38709677 52.34159780 62.18487395 51.94174757 52.91262136 50.66666667 47.02970297 45.17241379 46.53465347 50.71770335 52.54237288 49.01960784 49.51923077 51.92307692 48.47161572 48.96907216 48.05194805 47.32142857 45.91836735 50.93632959 53.88127854 52.54237288 50.19762846 56.55430712 48.84792627 50.26455026 49.03846154 49.80079681 45.95959596 59.70695971 60.94420601 45.55984556 49.26829268 45.62500000 59.47368421 65.16129032 50.24154589 53.08641975 49.80079681 48.61111111 52.12121212 46.66666667 45.89371981 44.07582938 50.69124424 50.61224490 51.07296137 47.92452830 46.94656489 50.84745763 50.48543689 49.49494949 46.40000000 47.90874525 56.86274510 56.20437956 57.43707094 54.42176871 46.94835681 48.35680751 60.00000000 50.20408163 46.93877551 47.79116466 55.15695067 45.05494505 61.97802198 54.70085470 49.42528736 46.69421488 49.55357143 46.77966102 45.66037736 48.03149606 58.75486381 49.62962963 47.45762712 54.60992908 44.25287356 52.15827338
49.84326019 43.80530973 59.36254980 58.63453815 60.80000000 47.57281553 48.50299401 47.23247232 48.00000000 50.35971223 48.63636364 100.00000000 91.38461538 60.82802548 61.34969325 62.75167785 62.66666667 56.36363636 57.27272727 55.98290598 54.22535211 59.25925926 52.58620690 52.15311005 51.03734440 56.17021277 47.67932489 53.75939850 63.66782007 54.39560440 51.83673469 52.04918033 48.90510949 49.66887417 52.41379310 56.49350649 55.26315789 55.26315789 49.41176471 63.36996337 67.94425087 47.63779528 48.97119342 49.77168950 44.00000000 46.99248120 50.65502183 50.00000000 47.90209790 47.56097561 47.18614719 49.83050847 49.45454545 43.08943089 48.50746269 47.94520548 46.41350211 49.20634921 53.93258427 50.89285714 50.22222222 48.91304348 52.63157895 48.78048780 46.78111588 55.18672199 49.26470588 49.04458599 45.76271186 49.58333333 49.42965779 44.04761905 59.56521739 48.14814815 47.78761062 54.72972973 56.63265306 46.55172414 48.36363636 48.92703863 49.32126697 54.92957746 54.47761194 50.16501650 53.77049180 51.66666667 52.98013245 49.80694981 52.36363636 51.90839695 49.62121212 46.77966102 55.06329114 54.76923077 57.14285714 56.37065637 56.87022901 54.25867508 61.17216117 48.52320675 49.35064935 54.94880546 53.14009662 50.15384615 50.00000000 48.97959184 47.16157205 56.81818182 55.30303030 53.50877193 49.01960784 44.89795918 55.31135531 60.56338028 53.16901408 50.70921986 51.06382979 58.36431227 51.80722892 51.51515152 55.47945205 58.17490494 58.26771654 53.25077399 58.30115830 53.48837209 52.09003215 60.82802548 54.00000000 55.14403292 58.89328063 54.50450450 48.69888476 52.72727273 55.11811024 56.02836879 45.72490706 61.36363636 64.00000000 58.17490494 57.09342561 53.60824742 49.25373134 48.76033058 54.86111111 55.84905660 58.98437500 54.54545455 61.18421053 57.83582090 47.89915966 51.66051661 51.62790698 48.83720930 48.46153846 47.91666667
50.40000000 51.76470588 57.62081784 57.83582090 60.51660517 45.23809524 47.30538922 48.75000000 44.74708171 49.46236559 49.56896552 91.38461538 100.00000000 59.45121951 62.11180124 59.69696970 64.42953020 54.77031802 54.95495495 52.58620690 52.28070175 57.40740741 51.46443515 48.31932773 50.20576132 52.99145299 48.99598394 54.02298851 62.28373702 54.89130435 47.03703704 51.26050420 50.00000000 46.34146341 50.00000000 49.10179641 47.05882353 53.24675325 50.69124424 62.27106227 65.44850498 45.45454545 47.32510288 49.31506849 47.36842105 45.56962025 50.65502183 46.96356275 45.99303136 47.32142857 46.51162791 48.75000000 47.50000000 46.45161290 45.11278195 47.09677419 45.14767932 50.54151625 54.51127820 48.86877828 49.09090909 46.52014652 54.54545455 48.36065574 46.31147541 51.76470588 49.26470588 47.77070064 47.46835443 51.03092784 50.00000000 42.85714286 58.71559633 47.79874214 46.66666667 51.36986301 53.84615385 47.43589744 48.10606061 46.50205761 46.32034632 51.86915888 52.61194030 48.51485149 51.53374233 48.00000000 52.31788079 50.95057034 50.54545455 52.12355212 46.89655172 48.03149606 55.69620253 55.44554455 52.74725275 55.07246377 56.10687023 55.59845560 62.13235294 45.99156118 48.84488449 53.24675325 51.44230769 53.05343511 51.98019802 48.05194805 45.49356223 56.81818182 57.31225296 51.85185185 47.05882353 46.37681159 57.64705882 58.86524823 50.17421603 49.28057554 49.82078853 56.55430712 53.68852459 53.78486056 57.19557196 58.06451613 58.49802372 53.07917889 56.29921260 51.76056338 53.07692308 59.61538462 54.71698113 54.65587045 59.91902834 49.75845411 48.56115108 51.51515152 54.25531915 54.25531915 46.09665428 61.45038168 52.83018868 60.24096386 54.81481481 53.10344828 51.51515152 48.68421053 52.08333333 54.75285171 60.54687500 50.75757576 62.63736264 55.63636364 45.81497797 51.29151292 54.58715596 52.53164557 49.26470588 48.19277108
47.21030043 56.47058824 53.33333333 54.33962264 55.11811024 46.58119658 49.26470588 49.77973568 46.38297872 47.01754386 46.39639640 60.82802548 59.45121951 100.00000000 87.34177215 94.74789916 89.20000000 56.95067265 52.07373272 53.39805825 50.18181818 45.51282051 48.81889764 45.95744681 49.12280702 53.39805825 47.79411765 55.80524345 57.29927007 51.85185185 45.71428571 44.92753623 51.16279070 50.99337748 50.96774194 47.23926380 48.76543210 48.14814815 50.78125000 60.50724638 60.56782334 50.79365079 50.39682540 51.86915888 56.00000000 47.25738397 50.66666667 48.59437751 49.57983193 46.32034632 47.84482759 48.88888889 48.88888889 54.86725664 50.00000000 51.51515152 46.95652174 47.57709251 48.23529412 46.39639640 47.44186047 47.41379310 50.43103448 50.42735043 50.20746888 51.90476190 57.94392523 44.34782609 47.53086420 48.94514768 50.22624434 49.05660377 60.33057851 50.00000000 47.05882353 46.10389610 48.43750000 48.51063830 46.12068966 51.09170306 48.72881356 50.36231884 50.37313433 49.08424908 51.30111524 49.78723404 50.36496350 46.50205761 43.37349398 47.90697674 44.03292181 45.26748971 55.92592593 55.19480519 52.18855219 58.39694656 57.63358779 56.87022901 55.93869732 46.91943128 47.48201439 55.63139932 52.40384615 49.05660377 45.64102564 45.59386973 48.29059829 55.72519084 55.47169811 43.08943089 55.30303030 53.70370370 53.55805243 61.95652174 50.37313433 54.85436893 53.15315315 53.87596899 50.78125000 49.68152866 56.73758865 57.57575758 52.58964143 54.02298851 51.95312500 55.82524272 52.47148289 58.20895522 52.58964143 53.81679389 55.09433962 46.48437500 45.02164502 50.98039216 52.80000000 51.28205128 50.37037037 62.06896552 51.85185185 54.90196078 56.70498084 52.02952030 46.30350195 45.92274678 47.33333333 51.82481752 55.36332180 49.64028777 56.08856089 52.17391304 46.79802956 45.73378840 53.07017544 47.76119403 50.95541401 50.27027027
44.00000000 56.47058824 53.51562500 54.18326693 54.96183206 46.97986577 47.32824427 50.22026432 46.15384615 47.01754386 46.36363636 61.34969325 62.11180124 87.34177215 100.00000000 93.78698225 89.53168044 55.40540541 51.15207373 43.31210191 50.59288538 44.87179487 49.77777778 45.76271186 48.90829694 43.72759857 49.37238494 54.30711610 57.66423358 50.26455026 44.89795918 44.73684211 51.16279070 50.99337748 50.96774194 46.15384615 47.74193548 47.09677419 50.39062500 60.90225564 61.26984127 49.60629921 60.00000000 51.40186916 53.57142857 46.83544304 50.66666667 45.29914530 49.57983193 46.75324675 48.04687500 48.88888889 48.88888889 54.86725664 47.64397906 52.27272727 47.41379310 50.24875622 48.83720930 48.14814815 48.61111111 47.88135593 49.56896552 48.49785408 49.79253112 48.61111111 58.87850467 47.16981132 56.00000000 50.45454545 49.54954955 49.68553459 51.60000000 50.00000000 47.27272727 44.82758621 48.04687500 47.65957447 49.02912621 51.09170306 48.72881356 49.28057554 48.88059701 48.35164835 47.70642202 50.91743119 51.09489051 46.91358025 45.78313253 48.62745098 44.62809917 45.45454545 53.89610390 54.54545455 50.83612040 42.50000000 57.08812261 56.25000000 55.51330798 45.75471698 47.48201439 53.66666667 52.40384615 50.78125000 46.15384615 44.31818182 46.78111588 55.18518519 54.92424242 44.35483871 54.54545455 54.62962963 53.30739300 60.61643836 49.81549815 56.31067961 53.69458128 52.80000000 50.40000000 47.33893557 56.53710247 57.57575758 51.56250000 51.89393939 55.55555556 55.33980583 52.09125475 58.95522388 53.51562500 53.81526104 57.37051793 45.96774194 44.48669202 53.10344828 53.20000000 51.30111524 50.37878788 60.20761246 51.92307692 54.68750000 53.81818182 46.74698795 48.43049327 45.49356223 47.65100671 51.11940299 53.75722543 46.85863874 55.80524345 50.90252708 47.29064039 47.44027304 52.72727273 45.69288390 45.08670520 49.73821990
47.63779528 56.47058824 54.16666667 54.58167331 55.72519084 47.65957447 48.17518248 49.33920705 45.72649573 47.01754386 45.90909091 62.75167785 59.69696970 94.74789916 93.78698225 100.00000000 50.00000000 57.20720721 51.61290323 55.33980583 50.98814229 69.04761905 50.22222222 45.53191489 49.30875576 55.33980583 48.16176471 55.05617978 58.02919708 50.00000000 44.48979592 45.33333333 51.16279070 52.31788079 52.25806452 47.30538922 49.03225806 48.19277108 50.00000000 61.27819549 60.44303797 48.80952381 48.80952381 51.88679245 39.13043478 48.10126582 49.77777778 48.31932773 50.00000000 45.35315985 49.13793103 49.62962963 50.37037037 54.86725664 50.76923077 52.55474453 46.78111588 47.78761062 49.61240310 47.05882353 48.37209302 50.49504950 50.00000000 48.53556485 50.62240664 48.86877828 58.87850467 49.62686567 47.20496894 49.78902954 47.32824427 50.31446541 61.73913043 49.35064935 47.27272727 44.82758621 48.04687500 49.36170213 46.75324675 51.09170306 48.72881356 50.18050542 49.62686567 49.08424908 50.92936803 46.15384615 51.09489051 46.91358025 45.20000000 48.83720930 43.80165289 45.04132231 54.22077922 55.51948052 52.17391304 57.47126437 55.67765568 54.94505495 55.51330798 46.44549763 47.45762712 54.66666667 52.88461538 49.23664122 45.12820513 46.21212121 45.06437768 56.29629630 55.80524345 43.75000000 53.42465753 52.45901639 53.69649805 60.95890411 50.18450185 56.31067961 54.18719212 54.00000000 52.00000000 49.49832776 55.71428571 57.57575758 52.34375000 55.09433962 51.75097276 53.65853659 52.85171103 58.20895522 53.33333333 54.75285171 58.16733068 46.24505929 45.45454545 51.72413793 54.00000000 51.67286245 52.36051502 61.93771626 50.00000000 54.71698113 54.54545455 51.67286245 46.09375000 46.35193133 47.65100671 51.49253731 56.02836879 49.66666667 55.18518519 50.90252708 46.30541872 46.75767918 53.07017544 46.46840149 49.36708861 51.83246073
47.12230216 50.48543689 55.46875000 56.27376426 56.48854962 48.73949580 47.61904762 47.63779528 47.43589744 47.71929825 48.86877828 62.66666667 64.42953020 89.20000000 89.53168044 50.00000000 100.00000000 55.85585586 52.07373272 54.36893204 50.39682540 69.04761905 50.66666667 46.58119658 51.38888889 45.56962025 47.50000000 54.68164794 58.39416058 51.32275132 45.30612245 45.25547445 53.79746835 54.00000000 53.54838710 49.35897436 50.32258065 50.32258065 48.82812500 62.40601504 64.66165414 48.80952381 48.80952381 51.65876777 64.28571429 48.52320675 51.55555556 50.21645022 51.08225108 48.05194805 48.42519685 51.11111111 50.37037037 51.03448276 48.69109948 50.66666667 48.06866953 48.89867841 50.19762846 46.84684685 47.90697674 47.08171206 49.56521739 49.35622318 49.78902954 49.54954955 59.61538462 46.74329502 47.20496894 51.35135135 50.89285714 50.94339623 61.73913043 50.96774194 45.96774194 46.89655172 48.82812500 47.47899160 47.41379310 48.06451613 50.84745763 50.18050542 50.00000000 49.81684982 52.59259259 47.63948498 51.09489051 46.91358025 46.40000000 48.62745098 44.39834025 45.64315353 55.48387097 55.93750000 52.85714286 57.35294118 56.41025641 57.08812261 55.51330798 47.39336493 48.92086331 54.33333333 52.40384615 50.76335878 45.64102564 44.19475655 46.35193133 56.87732342 55.05617978 45.96774194 54.42176871 55.28455285 54.08560311 62.16216216 49.44649446 55.33980583 53.20197044 54.26356589 52.98804781 50.51194539 56.42857143 57.03422053 53.38645418 54.16666667 52.14007782 54.71698113 53.23193916 60.82089552 52.77777778 53.43511450 59.36254980 46.48437500 45.45454545 53.33333333 54.00000000 52.41635688 50.00000000 61.48409894 50.00000000 55.51181102 55.07246377 52.04460967 47.85992218 45.92274678 47.65100671 50.74626866 58.15602837 46.94444444 56.17977528 50.90252708 48.27586207 47.61904762 55.09259259 48.68913858 50.00000000 51.41509434
48.84792627 61.72839506 53.73831776 53.52112676 55.39906103 47.13114754 50.00000000 52.38095238 49.04761905 48.52071006 52.12121212 56.36363636 54.77031802 56.95067265 55.40540541 57.20720721 55.85585586 100.00000000 56.80473373 53.96039604 55.15695067 50.89285714 61.29032258 54.90196078 50.50000000 55.08021390 54.59770115 52.67857143 57.32758621 52.15053763 50.49504950 52.88461538 50.30303030 62.50000000 47.54098361 66.66666667 50.00000000 47.96747967 56.79012346 56.57894737 56.22317597 51.09489051 51.09489051 51.45631068 52.63157895 50.69767442 50.30674847 56.88073394 53.52941176 49.06542056 52.43902439 57.39130435 52.79503106 53.51351351 52.98013245 50.72463768 46.93877551 50.70422535 49.78354978 49.79423868 53.93939394 49.30875576 44.39252336 47.40259740 52.00000000 51.17370892 51.65876777 45.94594595 46.78362573 57.57575758 54.54545455 60.18518519 55.94713656 49.07407407 49.75609756 56.86274510 54.37500000 58.82352941 51.83486239 51.53061224 54.16666667 53.84615385 52.17391304 46.78111588 48.91774892 53.39366516 46.20253165 52.79503106 55.82822086 57.31707317 46.66666667 46.49122807 53.14685315 54.50450450 52.11864407 57.79816514 58.03571429 56.69642857 52.98804781 50.86705202 53.97727273 52.25563910 50.31055901 51.59817352 55.13513514 57.65765766 61.81818182 54.27350427 55.65610860 50.63291139 54.90196078 56.30252101 52.94117647 59.05172414 51.58371041 51.61290323 51.26050420 52.38095238 54.02843602 50.21276596 55.75221239 53.68852459 51.17370892 49.84326019 50.78534031 57.92682927 54.12844037 52.15517241 45.67307692 50.48076923 53.04347826 43.05555556 56.62650602 56.47058824 56.94444444 59.17431193 49.77777778 56.14754098 47.27272727 51.75879397 58.29959514 52.90322581 49.52830189 53.00546448 56.25000000 52.78969957 49.22480620 55.26315789 54.97835498 54.54545455 50.90909091 49.77777778 56.00000000 48.18181818 53.57142857 47.66355140
52.99539171 45.97156398 48.82629108 50.23474178 50.87719298 45.71428571 47.32142857 49.31506849 50.23255814 50.22421525 53.23383085 57.27272727 54.95495495 52.07373272 51.15207373 51.61290323 52.07373272 56.80473373 100.00000000 65.48672566 49.09909910 47.09677419 85.65022422 78.12500000 68.60986547 65.04424779 64.06926407 51.70731707 52.17391304 51.79487179 48.73949580 45.76271186 50.00000000 48.36956522 49.45652174 43.50282486 44.88636364 45.45454545 58.55855856 54.86725664 53.70370370 51.73913043 52.17391304 53.77777778 50.00000000 49.01960784 51.23152709 46.79802956 48.51485149 51.01010101 52.02020202 55.33980583 53.14009662 58.06451613 54.34782609 56.52173913 52.01793722 50.90909091 47.61904762 54.50450450 54.26008969 50.45045045 52.86343612 55.06607930 52.40174672 53.36538462 53.46534653 50.65502183 49.54545455 48.82629108 50.90090090 55.04587156 53.60824742 51.00000000 51.64835165 56.66666667 51.02040816 49.03846154 49.77777778 54.37788018 53.91705069 56.09756098 55.76923077 48.66071429 55.50660793 57.79816514 60.48387097 55.34883721 56.69642857 54.79452055 55.11111111 54.66666667 47.12643678 46.29629630 45.26315789 54.42477876 55.30973451 54.86725664 49.31506849 51.00000000 50.00000000 48.66071429 52.19512195 49.11504425 60.82949309 51.55555556 51.80180180 54.58715596 54.50236967 52.84552846 51.81818182 55.85585586 53.71179039 53.66972477 50.00000000 48.34123223 49.54954955 51.59817352 45.73991031 45.62211982 51.96506550 53.95348837 53.47826087 50.46728972 52.46636771 50.22831050 50.90090090 55.39906103 50.45045045 49.50495050 52.21238938 49.28909953 49.33333333 54.05405405 47.51131222 48.91774892 48.43049327 51.80180180 57.89473684 48.54368932 54.42477876 51.12107623 54.22222222 51.59817352 61.97183099 55.55555556 50.71770335 53.66972477 47.80701754 55.50660793 47.44897959 54.09090909 52.94117647 49.30232558 46.71532847 50.95238095
49.26829268 46.26168224 49.38271605 50.62240664 50.00000000 46.38554217 41.42857143 53.65853659 48.29268293 53.15315315 45.85365854 55.98290598 52.58620690 53.39805825 43.31210191 55.33980583 54.36893204 53.96039604 65.48672566 100.00000000 49.79079498 54.00000000 61.30030960 62.30529595 56.75675676 87.79443255 54.33070866 55.26315789 50.64935065 57.26495726 44.23676012 45.17133956 50.86206897 56.60377358 56.00000000 52.38095238 52.38095238 49.52380952 48.32826748 48.81889764 49.54128440 46.83544304 47.10743802 46.25000000 41.50943396 55.67010309 49.64285714 44.34389140 49.54954955 48.54368932 48.55769231 43.71584699 50.44247788 51.32743363 45.75163399 47.18309859 49.26829268 52.68292683 51.36363636 56.33187773 52.87356322 51.21951220 53.99061033 52.85714286 51.64319249 48.29059829 53.39805825 49.76525822 44.65116279 46.33027523 49.26829268 53.06122449 52.84090909 47.00000000 49.35622318 43.39622642 51.94174757 50.30303030 51.70731707 48.87892377 46.98275862 51.40186916 52.01793722 45.57522124 50.00000000 52.63157895 57.20930233 49.84025559 54.95207668 51.25786164 54.01459854 53.84615385 47.74193548 57.14285714 44.44444444 52.15311005 52.15311005 54.54545455 50.46728972 52.40384615 42.26804124 47.63636364 48.16513761 50.00000000 52.99684543 52.07373272 51.62790698 52.83018868 50.47619048 40.60150376 50.00000000 50.00000000 50.64377682 51.80180180 55.83333333 49.54954955 53.33333333 47.84482759 50.29585799 48.69888476 49.55357143 48.07692308 49.17355372 53.42465753 52.99539171 49.76303318 53.67965368 55.04587156 54.95495495 50.47169811 51.18483412 47.96380090 50.47619048 54.00000000 47.47899160 50.90090090 43.39622642 50.67264574 66.66666667 53.12500000 50.92592593 49.55357143 51.11111111 48.84792627 48.34437086 52.88888889 49.45848375 51.36363636 53.41880342 52.36051502 51.88679245 49.34497817 48.58490566 46.42857143 47.01986755 52.01793722
46.02510460 45.66210046 59.69696970 58.66261398 59.42408377 43.82978723 45.84717608 48.14814815 46.72131148 51.20000000 47.14285714 54.22535211 52.28070175 50.18181818 50.59288538 50.98814229 50.39682540 55.15695067 49.09909910 49.79079498 100.00000000 44.21768707 50.00000000 48.09523810 50.47619048 49.37238494 50.46296296 45.76271186 55.12367491 61.02941176 46.02272727 46.09929078 53.57142857 52.46913580 46.84684685 42.96875000 42.04204204 42.85714286 48.61111111 52.18750000 50.78740157 48.60139860 48.95104895 49.12280702 42.52873563 48.51851852 45.81497797 51.47058824 50.20080321 50.22831050 46.88796680 47.39583333 49.25373134 47.79411765 49.12280702 48.52941176 43.03278689 48.35680751 55.10204082 49.54545455 48.16513761 47.38955823 46.44549763 48.37209302 48.29059829 52.13675214 55.79710145 46.12546125 43.37349398 46.73366834 44.60093897 46.47887324 51.82481752 48.87218045 49.69696970 40.80717489 45.50000000 42.20183486 48.22134387 52.94117647 53.39366516 47.63779528 48.51851852 23.68421053 45.28301887 49.77777778 52.38095238 49.40239044 49.30875576 52.33644860 48.66071429 44.36619718 49.27536232 56.15763547 50.80385852 50.84175084 53.94190871 53.24675325 54.05405405 42.81914894 43.91752577 56.10859729 50.71090047 53.72549020 49.20634921 48.19277108 46.15384615 52.30125523 51.49501661 42.85714286 49.15254237 51.75438596 56.21118012 52.87769784 53.33333333 50.22222222 50.22026432 53.04568528 54.54545455 52.44755245 51.66051661 51.64319249 53.23529412 57.61589404 52.90697674 54.90196078 58.11688312 53.02491103 56.35179153 57.56578947 62.04620462 50.41666667 50.44642857 55.96330275 40.51172708 43.43220339 40.30418251 58.37988827 74.41860465 59.73597360 50.95057034 36.12565445 48.67924528 46.63865546 45.62500000 53.62903226 52.22222222 52.83018868 50.91575092 50.96774194 46.06299213 40.38461538 51.64319249 46.78571429 41.14285714 48.94514768
